
====================--------------====================
Instance (8-4-8)
Iteration 1
Schedule: 
[10 16 12 5 ][23 8 1 19 ][2 4 21 30 ][7 3 32 17 ][6 29 31 14 ][28 22 11 25 ][15 27 20 24 ][13 26 9 18 ]
[18 19 14 22 ][9 16 24 28 ][11 12 2 3 ][26 21 27 5 ][29 7 20 8 ][10 13 25 30 ][23 6 32 15 ][17 31 1 4 ]
[15 13 16 29 ][19 6 21 10 ][26 28 3 23 ][27 25 7 4 ][9 14 12 17 ][20 2 22 1 ][8 32 24 30 ][31 5 11 18 ]
[5 23 29 30 ][4 11 19 16 ][32 28 20 12 ][31 22 24 3 ][15 7 2 9 ][6 26 25 1 ][18 10 27 17 ][8 14 21 13 ]
[7 13 12 23 ][4 3 20 14 ][1 30 27 11 ][16 6 17 5 ][21 22 9 32 ][8 2 10 26 ][31 19 28 15 ][29 25 18 24 ]
[14 10 11 32 ][29 2 28 17 ][7 22 30 31 ][1 21 15 18 ][6 3 13 27 ][20 25 16 23 ][4 24 12 26 ][9 8 19 5 ]
[8 18 3 16 ][28 1 7 14 ][12 21 31 25 ][32 27 19 29 ][26 11 15 17 ][10 4 22 23 ][5 24 2 13 ][30 20 6 9 ]
[2 31 23 27 ][22 12 6 8 ][13 20 19 17 ][29 1 9 10 ][14 26 30 16 ][28 4 18 32 ][24 21 11 7 ][15 25 5 3 ]

Score: 20
Conflicts: 4

Iteration 2
Schedule: 
[22 14 7 1 ][16 17 28 5 ][12 2 27 11 ][15 3 21 4 ][25 32 8 6 ][9 29 20 13 ][24 10 18 31 ][19 30 23 26 ]
[5 31 23 22 ][16 30 9 15 ][19 32 14 11 ][4 25 27 13 ][2 1 8 29 ][7 24 28 6 ][12 18 26 21 ][10 17 20 3 ]
[18 1 23 20 ][11 31 30 17 ][8 12 3 16 ][9 4 2 6 ][19 13 15 22 ][24 5 29 26 ][25 28 10 14 ][21 27 7 32 ]
[20 26 15 27 ][1 6 12 19 ][14 4 18 5 ][32 17 13 24 ][28 11 21 29 ][22 30 8 10 ][9 7 31 3 ][25 2 16 23 ]
[14 20 16 6 ][7 30 29 25 ][31 26 32 2 ][17 21 4 1 ][28 9 12 22 ][18 15 8 13 ][24 3 23 11 ][27 10 19 5 ]
[14 23 27 17 ][10 16 4 26 ][1 32 30 3 ][29 22 18 6 ][15 12 25 31 ][7 11 20 8 ][21 24 9 19 ][5 2 13 28 ]
[15 29 32 10 ][23 12 4 7 ][14 2 3 22 ][21 30 5 20 ][11 6 13 26 ][31 28 8 19 ][27 1 16 24 ][18 9 25 17 ]
[23 21 10 6 ][8 9 14 26 ][1 11 5 25 ][20 22 32 4 ][28 27 18 3 ][15 2 17 7 ][30 13 12 24 ][19 29 31 16 ]

Score: 30
Conflicts: 6

Iteration 3
Schedule: 
[10 5 18 21 ][15 3 1 12 ][24 17 8 19 ][13 16 31 9 ][7 26 11 32 ][30 22 28 27 ][6 29 4 2 ][20 25 23 14 ]
[31 32 17 28 ][7 2 10 24 ][21 15 13 23 ][29 3 9 26 ][16 27 5 20 ][4 1 22 19 ][18 6 11 25 ][8 12 14 30 ]
[26 18 22 24 ][17 23 1 16 ][5 31 8 4 ][25 19 13 12 ][29 20 28 7 ][30 3 6 21 ][15 11 10 9 ][2 14 32 27 ]
[15 16 8 6 ][7 5 17 3 ][14 31 21 24 ][23 30 22 11 ][27 12 29 9 ][28 4 10 13 ][1 26 2 25 ][19 20 18 32 ]
[21 26 16 19 ][10 4 12 20 ][32 25 9 8 ][24 27 3 11 ][15 22 17 14 ][1 7 6 31 ][23 2 18 28 ][13 30 29 5 ]
[15 25 31 29 ][17 21 4 11 ][16 7 12 18 ][27 23 10 6 ][14 26 5 28 ][20 3 22 8 ][1 24 13 32 ][9 19 2 30 ]
[6 20 26 17 ][2 22 21 12 ][27 13 8 18 ][9 7 23 4 ][14 11 1 29 ][30 5 15 32 ][16 24 28 25 ][31 19 10 3 ]
[23 12 26 31 ][8 1 28 21 ][18 14 4 3 ][24 9 5 6 ][10 17 30 25 ][13 11 20 2 ][22 32 16 29 ][15 7 19 27 ]

Score: 20
Conflicts: 4

Iteration 4
Schedule: 
[4 12 32 8 ][6 26 28 25 ][15 19 31 5 ][27 10 3 24 ][21 14 16 29 ][7 2 1 11 ][13 30 20 18 ][23 22 17 9 ]
[31 6 1 13 ][4 30 14 28 ][8 11 27 22 ][23 3 15 26 ][16 19 12 25 ][18 24 21 9 ][5 7 17 20 ][2 10 32 29 ]
[22 20 26 29 ][12 10 6 15 ][11 30 21 7 ][28 32 9 31 ][23 18 19 2 ][25 24 8 14 ][5 16 1 27 ][13 17 4 3 ]
[12 31 29 17 ][32 20 7 3 ][27 13 19 14 ][6 30 5 23 ][24 15 28 11 ][21 4 26 1 ][25 18 22 10 ][16 9 8 2 ]
[13 9 10 26 ][29 3 25 5 ][32 16 17 11 ][22 28 19 1 ][14 23 12 7 ][6 8 20 21 ][4 27 15 18 ][31 2 30 24 ]
[6 14 32 18 ][31 21 3 22 ][29 13 28 23 ][1 24 20 12 ][17 15 16 30 ][25 9 7 27 ][19 11 10 8 ][5 4 26 2 ]
[25 21 23 32 ][16 7 10 28 ][12 22 5 13 ][18 31 26 11 ][1 30 3 8 ][9 14 20 15 ][4 29 19 24 ][27 17 6 2 ]
[19 30 26 32 ][14 17 10 1 ][29 18 8 7 ][24 16 22 6 ][9 5 11 3 ][20 31 23 4 ][15 13 2 25 ][27 21 12 28 ]

Score: 30
Conflicts: 6

Iteration 5
Schedule: 
[22 24 27 13 ][5 8 17 30 ][10 28 3 25 ][16 11 2 7 ][4 12 32 23 ][31 15 20 26 ][18 1 9 6 ][14 29 21 19 ]
[9 13 2 31 ][18 7 8 14 ][32 11 30 24 ][12 3 15 21 ][23 28 17 1 ][26 4 29 16 ][22 20 6 25 ][19 27 10 5 ]
[1 15 14 30 ][18 29 32 31 ][27 8 12 6 ][16 9 22 28 ][19 2 23 25 ][21 4 10 24 ][3 5 11 20 ][13 7 26 17 ]
[17 21 6 16 ][24 8 29 25 ][10 1 22 7 ][13 14 32 20 ][30 31 12 28 ][3 26 23 27 ][4 5 18 2 ][11 9 15 19 ]
[19 32 17 3 ][10 31 6 11 ][5 26 14 9 ][20 1 2 24 ][4 28 15 13 ][22 23 21 8 ][27 7 29 30 ][12 18 25 16 ]
[14 31 25 27 ][17 13 18 29 ][12 19 26 24 ][10 23 9 16 ][3 2 30 6 ][5 15 22 32 ][28 20 21 7 ][11 4 1 8 ]
[19 22 4 30 ][7 5 31 23 ][10 17 2 15 ][3 13 16 8 ][18 11 21 27 ][24 6 28 14 ][20 29 12 9 ][32 25 1 26 ]
[32 28 2 8 ][19 16 1 31 ][14 12 11 22 ][15 6 23 29 ][27 20 17 4 ][21 13 5 25 ][24 7 3 9 ][18 30 10 26 ]

Score: 15
Conflicts: 3

Mean for Instance (8-4-8): 23
Standard Deviation for Instance (8-4-8): 6
Median for Instance (8-4-8): 20
Max for Instance (8-4-8): 30
Min for Instance (8-4-8): 15


====================--------------====================

====================--------------====================
Instance (8-4-9)
Iteration 1
Schedule: 
[22 4 17 23 ][5 3 20 30 ][18 6 11 15 ][8 10 7 2 ][16 14 28 21 ][9 24 13 26 ][32 27 1 29 ][25 19 12 31 ]
[12 4 32 13 ][16 27 23 15 ][1 19 22 3 ][26 17 2 5 ][14 10 31 6 ][8 25 28 11 ][21 30 9 29 ][7 24 20 18 ]
[9 15 14 5 ][8 13 31 1 ][10 19 26 4 ][2 18 21 32 ][6 30 7 23 ][12 28 27 17 ][25 16 3 24 ][20 11 29 22 ]
[7 11 5 19 ][26 3 25 23 ][8 9 16 4 ][20 1 17 21 ][13 18 10 22 ][2 12 29 14 ][24 6 32 27 ][30 31 15 28 ]
[22 21 6 8 ][1 11 9 2 ][20 15 25 12 ][24 4 10 29 ][27 19 14 3 ][31 7 32 26 ][17 18 30 16 ][23 5 13 28 ]
[1 12 6 5 ][3 29 28 7 ][8 20 32 17 ][9 31 18 23 ][27 21 25 4 ][30 22 24 14 ][15 13 2 19 ][26 10 16 11 ]
[6 25 17 9 ][28 20 4 2 ][16 12 22 7 ][19 8 29 23 ][14 26 1 18 ][3 10 15 32 ][27 30 11 13 ][24 21 5 31 ]
[1 7 15 4 ][19 17 24 28 ][30 8 26 12 ][21 13 6 3 ][31 2 22 16 ][11 32 23 14 ][27 20 9 10 ][5 25 29 18 ]
[18 8 5 27 ][7 14 17 13 ][31 11 3 4 ][15 26 21 29 ][12 2 24 23 ][6 19 16 20 ][32 22 9 28 ][25 10 30 1 ]

Score: 65
Conflicts: 13

Iteration 2
Schedule: 
[25 32 23 10 ][30 2 27 18 ][15 24 26 22 ][5 3 9 20 ][17 19 4 13 ][29 14 28 21 ][6 8 7 1 ][11 12 16 31 ]
[9 26 28 8 ][7 23 18 20 ][11 30 14 22 ][5 2 24 6 ][29 19 16 25 ][15 32 31 13 ][3 10 17 12 ][4 27 1 21 ]
[6 19 23 14 ][13 29 20 26 ][11 8 2 25 ][21 15 3 18 ][1 32 24 12 ][30 9 10 31 ][5 22 16 4 ][28 27 17 7 ]
[15 7 29 5 ][20 28 22 12 ][27 25 18 14 ][8 19 21 31 ][30 4 6 32 ][23 26 16 3 ][1 2 13 10 ][17 24 11 9 ]
[5 18 28 19 ][1 15 23 30 ][14 32 8 3 ][20 11 27 6 ][16 10 29 24 ][22 31 17 2 ][7 9 13 21 ][12 25 26 4 ]
[2 32 28 16 ][30 19 20 24 ][13 8 18 22 ][29 31 23 27 ][21 5 10 11 ][12 15 6 9 ][26 1 17 14 ][3 7 4 25 ]
[32 7 11 26 ][27 19 10 22 ][29 3 13 30 ][6 25 21 17 ][23 8 5 12 ][14 2 15 20 ][4 24 31 28 ][9 16 18 1 ]
[29 4 9 14 ][8 16 30 17 ][23 11 28 13 ][20 21 22 32 ][18 10 26 6 ][19 2 7 12 ][27 3 15 24 ][25 31 1 5 ]
[17 32 18 29 ][30 21 26 2 ][20 10 4 8 ][28 16 6 15 ][24 7 31 14 ][1 11 3 19 ][22 23 9 25 ][27 12 5 13 ]

Score: 70
Conflicts: 14

Iteration 3
Schedule: 
[12 28 2 14 ][20 18 23 16 ][27 5 4 1 ][6 32 22 7 ][30 17 29 10 ][26 9 24 31 ][11 19 8 3 ][21 25 15 13 ]
[9 7 20 15 ][25 30 8 26 ][32 11 16 24 ][1 22 2 3 ][10 23 21 6 ][14 5 29 18 ][31 19 27 28 ][12 4 13 17 ]
[19 1 16 25 ][5 32 10 31 ][26 14 4 3 ][15 22 24 29 ][9 2 17 18 ][23 28 7 11 ][20 8 12 21 ][13 6 30 27 ]
[25 11 10 22 ][19 13 14 20 ][30 2 24 4 ][5 28 21 9 ][29 26 32 1 ][7 18 27 8 ][3 16 6 12 ][23 17 31 15 ]
[29 3 27 10 ][8 28 1 15 ][23 32 30 19 ][21 7 17 14 ][6 31 20 2 ][9 4 16 22 ][18 25 24 12 ][5 26 11 13 ]
[14 23 1 24 ][13 7 16 29 ][17 28 6 25 ][3 20 5 30 ][19 22 18 21 ][31 9 11 12 ][15 27 2 26 ][4 32 8 10 ]
[8 16 5 2 ][1 13 10 18 ][12 27 22 23 ][20 24 4 28 ][6 29 9 19 ][3 31 7 25 ][14 30 15 11 ][32 17 21 26 ]
[21 16 31 30 ][25 23 4 29 ][8 6 24 13 ][15 5 22 12 ][19 2 7 26 ][3 28 32 18 ][10 14 9 27 ][20 1 17 11 ]
[19 24 17 5 ][9 3 23 13 ][26 28 10 16 ][14 22 31 8 ][12 30 1 7 ][32 20 25 27 ][4 6 18 15 ][21 29 11 2 ]

Score: 55
Conflicts: 11

Iteration 4
Schedule: 
[32 11 31 25 ][13 4 9 16 ][3 7 1 22 ][15 29 8 14 ][12 28 5 20 ][26 18 17 19 ][2 24 10 27 ][23 30 6 21 ]
[21 25 4 27 ][6 17 2 7 ][31 18 8 16 ][23 15 11 1 ][19 24 22 14 ][5 26 13 10 ][30 32 20 3 ][12 9 29 28 ]
[8 7 11 27 ][10 1 19 9 ][4 23 3 14 ][12 18 21 32 ][31 29 30 17 ][5 15 24 25 ][13 20 6 22 ][28 26 16 2 ]
[11 3 2 12 ][14 26 6 32 ][4 22 31 5 ][15 18 9 20 ][30 19 28 27 ][13 25 1 8 ][17 21 29 10 ][16 23 7 24 ]
[17 14 9 25 ][4 19 2 8 ][7 10 20 31 ][12 27 13 23 ][21 26 22 11 ][6 28 3 15 ][30 18 24 5 ][32 29 1 16 ]
[8 17 20 27 ][4 7 26 25 ][21 14 31 28 ][5 18 2 23 ][16 22 32 15 ][30 11 9 10 ][12 1 24 6 ][19 3 13 29 ]
[17 28 1 4 ][30 12 8 26 ][11 16 20 14 ][9 21 24 3 ][10 18 6 25 ][19 7 32 5 ][23 22 29 27 ][31 2 15 13 ]
[8 10 28 22 ][6 27 5 9 ][26 31 23 3 ][24 17 32 13 ][14 15 7 30 ][29 4 18 11 ][1 2 21 20 ][16 12 19 25 ]
[9 23 32 8 ][25 30 22 2 ][31 6 11 19 ][14 1 27 18 ][13 21 28 7 ][15 10 12 4 ][3 5 17 16 ][26 24 29 20 ]

Score: 65
Conflicts: 13

Iteration 5
Schedule: 
[30 10 27 7 ][4 23 5 6 ][25 31 24 11 ][17 32 19 22 ][13 18 20 2 ][28 21 16 8 ][9 14 3 29 ][26 12 1 15 ]
[28 19 14 4 ][12 13 22 24 ][15 8 29 7 ][21 6 17 30 ][9 16 11 5 ][25 18 10 32 ][2 3 1 31 ][27 23 20 26 ]
[17 2 4 24 ][23 32 13 8 ][27 9 12 31 ][10 28 18 3 ][5 29 7 19 ][22 21 11 15 ][20 25 30 1 ][14 26 16 6 ]
[21 14 31 32 ][26 22 4 18 ][9 7 25 11 ][3 24 19 8 ][13 15 27 6 ][23 16 29 1 ][2 28 12 30 ][17 20 10 5 ]
[26 8 9 17 ][12 7 32 20 ][10 11 2 6 ][16 27 3 22 ][14 23 30 24 ][18 1 19 21 ][25 4 29 13 ][28 31 5 15 ]
[18 11 27 29 ][5 12 3 21 ][28 7 2 26 ][14 20 8 22 ][10 13 31 19 ][16 4 32 30 ][24 1 9 6 ][23 25 15 17 ]
[2 8 25 27 ][30 19 9 15 ][18 16 17 31 ][10 21 22 23 ][4 11 12 3 ][7 1 14 13 ][5 24 32 26 ][28 29 20 6 ]
[9 20 4 21 ][29 14 17 12 ][28 1 27 32 ][31 22 6 7 ][19 2 23 11 ][8 18 30 5 ][16 15 24 10 ][25 26 3 13 ]
[6 18 9 23 ][2 5 14 22 ][3 32 15 20 ][11 13 28 17 ][10 1 8 4 ][21 24 27 7 ][19 16 12 25 ][30 26 31 29 ]

Score: 75
Conflicts: 15

Mean for Instance (8-4-9): 66
Standard Deviation for Instance (8-4-9): 6.63325
Median for Instance (8-4-9): 65
Max for Instance (8-4-9): 75
Min for Instance (8-4-9): 55


====================--------------====================
