
====================--------------====================
Instance (8-4-10)
Iteration 1
Schedule: 
[15 30 11 12 ][26 10 6 5 ][4 2 20 24 ][21 25 17 16 ][29 14 13 22 ][27 8 18 3 ][28 19 31 32 ][7 9 23 1 ]
[10 24 15 3 ][8 9 31 17 ][12 5 29 23 ][6 16 30 13 ][18 28 2 11 ][20 14 25 32 ][22 26 7 21 ][4 19 27 1 ]
[18 17 23 19 ][14 4 3 21 ][22 32 30 1 ][7 12 20 27 ][10 8 13 11 ][5 16 24 28 ][15 25 9 6 ][26 29 31 2 ]
[18 9 14 10 ][12 1 28 13 ][22 11 6 19 ][21 30 5 31 ][24 8 25 29 ][15 27 16 2 ][20 3 23 26 ][7 17 32 4 ]
[13 7 25 2 ][11 24 27 32 ][16 19 9 26 ][10 29 1 21 ][15 28 17 14 ][5 18 20 22 ][12 31 6 3 ][8 30 23 4 ]
[14 30 27 26 ][29 7 19 3 ][18 24 31 13 ][23 25 22 28 ][12 10 16 32 ][21 8 20 15 ][17 6 2 1 ][9 4 5 11 ]
[6 21 23 27 ][8 16 7 5 ][29 11 13 17 ][4 10 20 28 ][26 18 25 30 ][24 12 19 14 ][1 22 15 31 ][9 3 32 2 ]
[13 32 26 23 ][27 24 22 9 ][1 5 25 3 ][28 14 6 8 ][12 17 20 30 ][7 11 16 31 ][21 10 2 19 ][29 15 18 4 ]
[26 4 9 20 ][16 30 19 1 ][17 5 32 21 ][27 10 31 13 ][18 7 15 23 ][3 11 6 24 ][2 12 22 8 ][28 29 14 25 ]
[21 12 9 18 ][7 30 24 28 ][32 29 6 20 ][2 14 31 23 ][26 8 11 1 ][25 17 10 27 ][19 15 13 5 ][16 3 4 22 ]

Score: 230
Conflicts: 46

Iteration 2
Schedule: 
[15 30 11 12 ][26 10 6 5 ][4 2 20 24 ][21 25 17 16 ][29 14 13 22 ][27 8 18 3 ][28 19 31 32 ][7 9 23 1 ]
[10 24 15 3 ][8 9 31 17 ][12 5 29 23 ][6 16 30 13 ][18 28 2 11 ][20 14 25 32 ][22 26 7 21 ][4 19 27 1 ]
[18 17 23 19 ][14 4 3 21 ][22 32 30 1 ][7 12 20 27 ][10 8 13 11 ][5 16 24 28 ][15 25 9 6 ][26 29 31 2 ]
[18 9 14 10 ][12 1 28 13 ][22 11 6 19 ][21 30 5 31 ][24 8 25 29 ][15 27 16 2 ][20 3 23 26 ][7 17 32 4 ]
[13 7 25 2 ][11 24 27 32 ][16 19 9 26 ][10 29 1 21 ][15 28 17 14 ][5 18 20 22 ][12 31 6 3 ][8 30 23 4 ]
[14 30 27 26 ][29 7 19 3 ][18 24 31 13 ][23 25 22 28 ][12 10 16 32 ][21 8 20 15 ][17 6 2 1 ][9 4 5 11 ]
[28 10 21 7 ][11 1 31 14 ][12 18 25 4 ][8 32 26 24 ][6 16 23 20 ][5 15 19 13 ][2 3 17 30 ][22 9 29 27 ]
[20 10 2 19 ][28 9 30 24 ][26 17 13 12 ][1 25 5 3 ][18 32 6 29 ][14 7 16 8 ][4 31 15 22 ][23 27 11 21 ]
[26 4 9 20 ][16 30 19 1 ][17 5 32 21 ][27 10 31 13 ][18 7 15 23 ][3 11 6 24 ][2 12 22 8 ][28 29 14 25 ]
[23 14 2 5 ][19 12 24 21 ][9 32 13 3 ][28 27 8 6 ][25 7 31 30 ][20 11 29 17 ][4 10 22 16 ][26 15 18 1 ]

Score: 215
Conflicts: 43

Iteration 3
Schedule: 
[15 30 11 12 ][26 10 6 5 ][4 2 20 24 ][21 25 17 16 ][29 14 13 22 ][27 8 18 3 ][28 19 31 32 ][7 9 23 1 ]
[10 24 15 3 ][8 9 31 17 ][12 5 29 23 ][6 16 30 13 ][18 28 2 11 ][20 14 25 32 ][22 26 7 21 ][4 19 27 1 ]
[18 17 23 19 ][14 4 3 21 ][22 32 30 1 ][7 12 20 27 ][10 8 13 11 ][5 16 24 28 ][15 25 9 6 ][26 29 31 2 ]
[18 9 14 10 ][12 1 28 13 ][22 11 6 19 ][21 30 5 31 ][24 8 25 29 ][15 27 16 2 ][20 3 23 26 ][7 17 32 4 ]
[13 7 25 2 ][11 24 27 32 ][16 19 9 26 ][10 29 1 21 ][15 28 17 14 ][5 18 20 22 ][12 31 6 3 ][8 30 23 4 ]
[14 30 27 26 ][29 7 19 3 ][18 24 31 13 ][23 25 22 28 ][12 10 16 32 ][21 8 20 15 ][17 6 2 1 ][9 4 5 11 ]
[29 32 6 8 ][28 21 27 9 ][15 31 4 22 ][13 20 5 19 ][12 25 26 18 ][14 16 23 2 ][24 7 30 10 ][1 3 11 17 ]
[29 30 17 20 ][23 21 6 27 ][26 8 24 1 ][16 22 3 13 ][19 2 15 5 ][31 11 14 7 ][10 28 4 25 ][12 18 32 9 ]
[26 4 9 20 ][16 30 19 1 ][17 5 32 21 ][27 10 31 13 ][18 7 15 23 ][3 11 6 24 ][2 12 22 8 ][28 29 14 25 ]
[14 1 25 5 ][31 20 11 23 ][32 13 15 26 ][3 9 30 2 ][7 8 28 6 ][18 16 4 29 ][27 10 22 17 ][24 21 12 19 ]

Score: 225
Conflicts: 45

Iteration 4
Schedule: 
[15 30 11 12 ][26 10 6 5 ][4 2 20 24 ][21 25 17 16 ][29 14 13 22 ][27 8 18 3 ][28 19 31 32 ][7 9 23 1 ]
[10 24 15 3 ][8 9 31 17 ][12 5 29 23 ][6 16 30 13 ][18 28 2 11 ][20 14 25 32 ][22 26 7 21 ][4 19 27 1 ]
[18 17 23 19 ][14 4 3 21 ][22 32 30 1 ][7 12 20 27 ][10 8 13 11 ][5 16 24 28 ][15 25 9 6 ][26 29 31 2 ]
[18 9 14 10 ][12 1 28 13 ][22 11 6 19 ][21 30 5 31 ][24 8 25 29 ][15 27 16 2 ][20 3 23 26 ][7 17 32 4 ]
[13 7 25 2 ][11 24 27 32 ][16 19 9 26 ][10 29 1 21 ][15 28 17 14 ][5 18 20 22 ][12 31 6 3 ][8 30 23 4 ]
[14 30 27 26 ][29 7 19 3 ][18 24 31 13 ][23 25 22 28 ][12 10 16 32 ][21 8 20 15 ][17 6 2 1 ][9 4 5 11 ]
[4 18 12 25 ][1 20 11 31 ][17 29 27 30 ][6 24 14 23 ][16 3 9 22 ][7 5 28 8 ][21 19 10 2 ][15 32 26 13 ]
[24 9 30 7 ][4 22 15 31 ][1 27 25 5 ][3 26 2 28 ][14 19 8 12 ][17 20 10 13 ][32 29 6 18 ][16 23 11 21 ]
[26 4 9 20 ][16 30 19 1 ][17 5 32 21 ][27 10 31 13 ][18 7 15 23 ][3 11 6 24 ][2 12 22 8 ][28 29 14 25 ]
[10 3 30 25 ][32 23 2 9 ][24 22 12 17 ][21 27 6 28 ][20 16 29 4 ][13 5 15 19 ][11 31 7 14 ][26 8 1 18 ]

Score: 220
Conflicts: 44

Iteration 5
Schedule: 
[15 30 11 12 ][26 10 6 5 ][4 2 20 24 ][21 25 17 16 ][29 14 13 22 ][27 8 18 3 ][28 19 31 32 ][7 9 23 1 ]
[10 24 15 3 ][8 9 31 17 ][12 5 29 23 ][6 16 30 13 ][18 28 2 11 ][20 14 25 32 ][22 26 7 21 ][4 19 27 1 ]
[18 17 23 19 ][14 4 3 21 ][22 32 30 1 ][7 12 20 27 ][10 8 13 11 ][5 16 24 28 ][15 25 9 6 ][26 29 31 2 ]
[18 9 14 10 ][12 1 28 13 ][22 11 6 19 ][21 30 5 31 ][24 8 25 29 ][15 27 16 2 ][20 3 23 26 ][7 17 32 4 ]
[13 7 25 2 ][11 24 27 32 ][16 19 9 26 ][10 29 1 21 ][15 28 17 14 ][5 18 20 22 ][12 31 6 3 ][8 30 23 4 ]
[14 30 27 26 ][29 7 19 3 ][18 24 31 13 ][23 25 22 28 ][12 10 16 32 ][21 8 20 15 ][17 6 2 1 ][9 4 5 11 ]
[9 32 13 3 ][22 4 31 15 ][8 2 14 19 ][10 7 30 28 ][26 12 17 24 ][23 6 21 27 ][18 5 1 25 ][29 16 11 20 ]
[15 1 8 26 ][11 16 31 23 ][22 27 9 28 ][18 19 12 21 ][6 32 4 29 ][20 13 10 17 ][2 3 25 30 ][14 5 24 7 ]
[26 4 9 20 ][16 30 19 1 ][17 5 32 21 ][27 10 31 13 ][18 7 15 23 ][3 11 6 24 ][2 12 22 8 ][28 29 14 25 ]
[18 32 26 23 ][2 9 24 21 ][5 19 15 13 ][28 20 6 8 ][25 12 4 10 ][3 7 16 22 ][11 14 1 31 ][29 17 30 27 ]

Score: 215
Conflicts: 43

Mean for Instance (8-4-10): 221
Standard Deviation for Instance (8-4-10): 5.83095
Median for Instance (8-4-10): 220
Max for Instance (8-4-10): 230
Min for Instance (8-4-10): 215


====================--------------====================
